8559, 0
7792, 1
7605, 2
7500, 3
7597, 4
17106, 5
5585, 6
5672, 7
5811, 8
5890, 9
5829, 10
6265, 11
5525, 12
5616, 13
5758, 14
5469, 15
5740, 16
5766, 17
5819, 18
5476, 19
5841, 20
5503, 21
5653, 22
5522, 23
5642, 24
5548, 25
5698, 26
5724, 27
5615, 28
5773, 29
5612, 30
5762, 31
5695, 32
5623, 33
6340, 34
5766, 35
5679, 36
5616, 37
5739, 38
5773, 39
5503, 40
5665, 41
5811, 42
5432, 43
5882, 44
5518, 45
5732, 46
6247, 47
8930, 48
5841, 49
5739, 50
5593, 51
5968, 52
6453, 53
5912, 54
5447, 55
5762, 56
5484, 57
5803, 58
5443, 59
5751, 60
5466, 61
5804, 62
5751, 63
5634, 64
5702, 65
6321, 66
5852, 67
5679, 68
5721, 69
6321, 70
5675, 71
5699, 72
5826, 73
5672, 74
5882, 75
5814, 76
5566, 77
5709, 78
5822, 79
5743, 80
5656, 81
5924, 82
5657, 83
5811, 84
5466, 85
5788, 86
5387, 87
5807, 88
6457, 89
5758, 90
5736, 91
5875, 92
5732, 93
5710, 94
5466, 95
5747, 96
5484, 97
5638, 98
5514, 99
5679, 100
5612, 101
6028, 102
5548, 103
5770, 104
5694, 105
6486, 106
5620, 107
5702, 108
5507, 109
5844, 110
5661, 111
5661, 112
5551, 113
6937, 114
5800, 115
5578, 116
6028, 117
5522, 118
6310, 119
5713, 120
5604, 121
6032, 122
5694, 123
5567, 124
5980, 125
5518, 126
5687, 127
5759, 128
5473, 129
5901, 130
5754, 131
5593, 132
5725, 133
5709, 134
5705, 135
5683, 136
5574, 137
5747, 138
5683, 139
5533, 140
5773, 141
6280, 142
5927, 143
5743, 144
5751, 145
5728, 146
5683, 147
5732, 148
5792, 149
5694, 150
5717, 151
5481, 152
5717, 153
5552, 154
6261, 155
5706, 156
5657, 157
5762, 158
6506, 159
5886, 160
5755, 161
5859, 162
5481, 163
5796, 164
5544, 165
5826, 166
5600, 167
5890, 168
5525, 169
6047, 170
5451, 171
6145, 172
5484, 173
5698, 174
5642, 175
5649, 176
5826, 177
5863, 178
5721, 179
5514, 180
5916, 181
5905, 182
6033, 183
6100, 184
6062, 185
5721, 186
5931, 187
5867, 188
6024, 189
5709, 190
6126, 191
5597, 192
5732, 193
5810, 194
6408, 195
5788, 196
5540, 197
5886, 198
5728, 199
5526, 200
5736, 201
5739, 202
5521, 203
5837, 204
5518, 205
5840, 206
5608, 207
6393, 208
5499, 209
5702, 210
5721, 211
5815, 212
5765, 213
5540, 214
5755, 215
5807, 216
5834, 217
6063, 218
5901, 219
5860, 220
5893, 221
5548, 222
238505, 223
6089, 224
5923, 225
5496, 226
6325, 227
5454, 228
5706, 229
5799, 230
5432, 231
5687, 232
5585, 233
5743, 234
5672, 235
5473, 236
5698, 237
5743, 238
5428, 239
5755, 240
5706, 241
5514, 242
5773, 243
5773, 244
5465, 245
5664, 246
5503, 247
5687, 248
5721, 249
6472, 250
5826, 251
5664, 252
5931, 253
5687, 254
5713, 255
5390, 256
5810, 257
5627, 258
5604, 259
5649, 260
5709, 261
5485, 262
6198, 263
5672, 264
5443, 265
6069, 266
6539, 267
5525, 268
5705, 269
5720, 270
5431, 271
5837, 272
5642, 273
5702, 274
5687, 275
5788, 276
5492, 277
6108, 278
5679, 279
6422, 280
5567, 281
5514, 282
5619, 283
5654, 284
5754, 285
5909, 286
5702, 287
5559, 288
5702, 289
5571, 290
5792, 291
5680, 292
5807, 293
5706, 294
5762, 295
5563, 296
5867, 297
5649, 298
5469, 299
5627, 300
5623, 301
5480, 302
7424, 303
5616, 304
5743, 305
5608, 306
5627, 307
5755, 308
5593, 309
5525, 310
5657, 311
5488, 312
5556, 313
5814, 314
5657, 315
6419, 316
5462, 317
5695, 318
5488, 319
6517, 320
6134, 321
5649, 322
5552, 323
5694, 324
5590, 325
5687, 326
5665, 327
5548, 328
5766, 329
5604, 330
5953, 331
5616, 332
5841, 333
5638, 334
5701, 335
5627, 336
5477, 337
5664, 338
6074, 339
5754, 340
5676, 341
8912, 342
5721, 343
5709, 344
5638, 345
5777, 346
5627, 347
5766, 348
5522, 349
5810, 350
5571, 351
5889, 352
5571, 353
5477, 354
5627, 355
6340, 356
5762, 357
5439, 358
5739, 359
5480, 360
5725, 361
5511, 362
5818, 363
5687, 364
5537, 365
5743, 366
5680, 367
5496, 368
6400, 369
5672, 370
5552, 371
5574, 372
6494, 373
5540, 374
5668, 375
5552, 376
5570, 377
5803, 378
5488, 379
5747, 380
5668, 381
5597, 382
6344, 383
5747, 384
5766, 385
5691, 386
5657, 387
5833, 388
5465, 389
5564, 390
5503, 391
6392, 392
5485, 393
5702, 394
5754, 395
5656, 396
5694, 397
5578, 398
5755, 399
5766, 400
5630, 401
5676, 402
5661, 403
5709, 404
9085, 405
5886, 406
5916, 407
6017, 408
6442, 409
5803, 410
5803, 411
5874, 412
5894, 413
5826, 414
5556, 415
5710, 416
5777, 417
5518, 418
5624, 419
5702, 420
5601, 421
6257, 422
5491, 423
5765, 424
5736, 425
5878, 426
5630, 427
5522, 428
5721, 429
5687, 430
5762, 431
5608, 432
5575, 433
5515, 434
5665, 435
5781, 436
5687, 437
5702, 438
5706, 439
5702, 440
5706, 441
5608, 442
5645, 443
5698, 444
6385, 445
5616, 446
5551, 447
5713, 448
5683, 449
5770, 450
5739, 451
5766, 452
5646, 453
5732, 454
5687, 455
5758, 456
5439, 457
6167, 458
5481, 459
5987, 460
5736, 461
6640, 462
5604, 463
5630, 464
5605, 465
5669, 466
5691, 467
5747, 468
5593, 469
5642, 470
5702, 471
5642, 472
5912, 473
5499, 474
5860, 475
5473, 476
5706, 477
5646, 478
5950, 479
5732, 480
6242, 481
5702, 482
5717, 483
5511, 484
5499, 485
5927, 486
5724, 487
5642, 488
5691, 489
5894, 490
5849, 491
5807, 492
5683, 493
5852, 494
5687, 495
5597, 496
5691, 497
6625, 498
5788, 499
5548, 500
5638, 501
5541, 502
5664, 503
5548, 504
5784, 505
5499, 506
5664, 507
5788, 508
5728, 509
5443, 510
6532, 511
5511, 512
5773, 513
5503, 514
6550, 515
5544, 516
5589, 517
5499, 518
5769, 519
5574, 520
5657, 521
5537, 522
5608, 523
5645, 524
5654, 525
5822, 526
5574, 527
5840, 528
5660, 529
8495, 530
5679, 531
5739, 532
5654, 533
6295, 534
5909, 535
5762, 536
5803, 537
5506, 538
5653, 539
5785, 540
6227, 541
6415, 542
5799, 543
5533, 544
5856, 545
5785, 546
6164, 547
5690, 548
5785, 549
5833, 550
6581, 551
5721, 552
5665, 553
5691, 554
5766, 555
5897, 556
5627, 557
6186, 558
5897, 559
5740, 560
6036, 561
6254, 562
5754, 563
6322, 564
5676, 565
5686, 566
5706, 567
6024, 568
5714, 569
5642, 570
5683, 571
5590, 572
5784, 573
5759, 574
5510, 575
5796, 576
5499, 577
5672, 578
5705, 579
5627, 580
5807, 581
5676, 582
5439, 583
5709, 584
5660, 585
5743, 586
6389, 587
5515, 588
5604, 589
5814, 590
5717, 591
5796, 592
5529, 593
5488, 594
5507, 595
5849, 596
5488, 597
5750, 598
5499, 599
6014, 600
5713, 601
5841, 602
5725, 603
6464, 604
5706, 605
5518, 606
5698, 607
5657, 608
5739, 609
5731, 610
5518, 611
5680, 612
5450, 613
5694, 614
5973, 615
5683, 616
6171, 617
5600, 618
5522, 619
5676, 620
5735, 621
6224, 622
6171, 623
5785, 624
5694, 625
5698, 626
5571, 627
5780, 628
5746, 629
5653, 630
5679, 631
5777, 632
5458, 633
5694, 634
5642, 635
5853, 636
5661, 637
5600, 638
5818, 639
6419, 640
5751, 641
5529, 642
5671, 643
5905, 644
5833, 645
5754, 646
5458, 647
5795, 648
5686, 649
5466, 650
5920, 651
5634, 652
6374, 653
5766, 654
5668, 655
5690, 656
6524, 657
5664, 658
5597, 659
5834, 660
5566, 661
5717, 662
5668, 663
5829, 664
5529, 665
5668, 666
5563, 667
5912, 668
5488, 669
5728, 670
5556, 671
5747, 672
5537, 673
5804, 674
5518, 675
6159, 676
5447, 677
5878, 678
5522, 679
5770, 680
5744, 681
5867, 682
5758, 683
5725, 684
5721, 685
5664, 686
5541, 687
5773, 688
5811, 689
5860, 690
5653, 691
5657, 692
6674, 693
5559, 694
5781, 695
5462, 696
5751, 697
5495, 698
5916, 699
5525, 700
5789, 701
6171, 702
5773, 703
5623, 704
5679, 705
6333, 706
5717, 707
5660, 708
5826, 709
6370, 710
5754, 711
5868, 712
5548, 713
5796, 714
5698, 715
5758, 716
5657, 717
5586, 718
5807, 719
5496, 720
5627, 721
5694, 722
5604, 723
5507, 724
5608, 725
5766, 726
5443, 727
5687, 728
6295, 729
5533, 730
5781, 731
5665, 732
5702, 733
5473, 734
5556, 735
5744, 736
5589, 737
5672, 738
5770, 739
5897, 740
5908, 741
6149, 742
5905, 743
5931, 744
5762, 745
6565, 746
5841, 747
5785, 748
5705, 749
5766, 750
5736, 751
5646, 752
5574, 753
5988, 754
5676, 755
6006, 756
5769, 757
5518, 758
6528, 759
5593, 760
5980, 761
5642, 762
6220, 763
5739, 764
6043, 765
5740, 766
5927, 767
5698, 768
5961, 769
5924, 770
5732, 771
5736, 772
5743, 773
5672, 774
5773, 775
5984, 776
5803, 777
7293, 778
5859, 779
5620, 780
5702, 781
6723, 782
5769, 783
5912, 784
5642, 785
5867, 786
5672, 787
5901, 788
5687, 789
5634, 790
5619, 791
5653, 792
5721, 793
5822, 794
6187, 795
5645, 796
5676, 797
5774, 798
6513, 799
5849, 800
5864, 801
5770, 802
5994, 803
5620, 804
5777, 805
5759, 806
5593, 807
5886, 808
5815, 809
5939, 810
5849, 811
6119, 812
5608, 813
5672, 814
5953, 815
6107, 816
5683, 817
5998, 818
5788, 819
5774, 820
5679, 821
5882, 822
5860, 823
5788, 824
5735, 825
5634, 826
5823, 827
5758, 828
5717, 829
5860, 830
5612, 831
5728, 832
5578, 833
5555, 834
6607, 835
5739, 836
5860, 837
5724, 838
5665, 839
5706, 840
5859, 841
5691, 842
5668, 843
5796, 844
5646, 845
5717, 846
5878, 847
6175, 848
5867, 849
5705, 850
5586, 851
6697, 852
5773, 853
5740, 854
5755, 855
5889, 856
5765, 857
5939, 858
5740, 859
5829, 860
9891, 861
5998, 862
5660, 863
5611, 864
5728, 865
5912, 866
5893, 867
5826, 868
5931, 869
5747, 870
5720, 871
5619, 872
6494, 873
5548, 874
5804, 875
5713, 876
5957, 877
5743, 878
5683, 879
5634, 880
5690, 881
6054, 882
5732, 883
5792, 884
6223, 885
6381, 886
5894, 887
5593, 888
6013, 889
6666, 890
5822, 891
6081, 892
5788, 893
5871, 894
5814, 895
5863, 896
11051, 897
6032, 898
5702, 899
6013, 900
5840, 901
5834, 902
5631, 903
6055, 904
5882, 905
5834, 906
5841, 907
5927, 908
6272, 909
5919, 910
5499, 911
5661, 912
5596, 913
5656, 914
5589, 915
5758, 916
5608, 917
5687, 918
5747, 919
5502, 920
108630, 921
6025, 922
5537, 923
5665, 924
5544, 925
6433, 926
5724, 927
5428, 928
5691, 929
5702, 930
5683, 931
5814, 932
5668, 933
5679, 934
5544, 935
5638, 936
5777, 937
5522, 938
6366, 939
5803, 940
8213, 941
5815, 942
5533, 943
5507, 944
5864, 945
5728, 946
5679, 947
5413, 948
5664, 949
5611, 950
5874, 951
5499, 952
5841, 953
5537, 954
5702, 955
5646, 956
5668, 957
5635, 958
5822, 959
5664, 960
5537, 961
6341, 962
5529, 963
5713, 964
5743, 965
5698, 966
5676, 967
5552, 968
5695, 969
5785, 970
5665, 971
5672, 972
5540, 973
5669, 974
6088, 975
5495, 976
5713, 977
5555, 978
6344, 979
5754, 980
5480, 981
5766, 982
5518, 983
5661, 984
5743, 985
5694, 986
5799, 987
5815, 988
5690, 989
5830, 990
5619, 991
6160, 992
5634, 993
5480, 994
5784, 995
5668, 996
5574, 997
5833, 998
5420, 999
5717, 1000
5466, 1001
5856, 1002
5732, 1003
5684, 1004
5792, 1005
5615, 1006
5706, 1007
5781, 1008
5669, 1009
5713, 1010
5691, 1011
5499, 1012
5623, 1013
5645, 1014
6329, 1015
5556, 1016
5657, 1017
5834, 1018
5871, 1019
5815, 1020
8153, 1021
5931, 1022
5908, 1023
5837, 1024
5973, 1025
6085, 1026
5796, 1027
6070, 1028
5789, 1029
6092, 1030
5953, 1031
5744, 1032
5781, 1033
5923, 1034
5679, 1035
5571, 1036
5818, 1037
5818, 1038
5608, 1039
5720, 1040
5672, 1041
5511, 1042
5485, 1043
5638, 1044
5657, 1045
5751, 1046
5578, 1047
5706, 1048
5664, 1049
5668, 1050
6359, 1051
5631, 1052
5541, 1053
5545, 1054
5582, 1055
5484, 1056
6572, 1057
5630, 1058
5639, 1059
5919, 1060
6108, 1061
5961, 1062
5935, 1063
6727, 1064
6013, 1065
5889, 1066
5706, 1067
6356, 1068
6043, 1069
5728, 1070
5578, 1071
5507, 1072
5492, 1073
5758, 1074
5499, 1075
6209, 1076
5646, 1077
5668, 1078
5781, 1079
5634, 1080
5566, 1081
5668, 1082
5604, 1083
5792, 1084
5473, 1085
5541, 1086
6088, 1087
5864, 1088
5717, 1089
5480, 1090
5405, 1091
5480, 1092
5413, 1093
5567, 1094
5766, 1095
5611, 1096
5789, 1097
5574, 1098
5683, 1099
5934, 1100
5863, 1101
5661, 1102
5735, 1103
6539, 1104
5691, 1105
5713, 1106
5702, 1107
5485, 1108
5728, 1109
5515, 1110
5747, 1111
5665, 1112
5646, 1113
5657, 1114
5968, 1115
5646, 1116
5540, 1117
5469, 1118
5660, 1119
5672, 1120
5687, 1121
5544, 1122
6100, 1123
5623, 1124
5695, 1125
5514, 1126
5713, 1127
5815, 1128
5503, 1129
5691, 1130
5541, 1131
5721, 1132
5660, 1133
5657, 1134
5698, 1135
5732, 1136
5864, 1137
5676, 1138
5570, 1139
6407, 1140
5961, 1141
5762, 1142
5581, 1143
5679, 1144
5563, 1145
5665, 1146
5447, 1147
5525, 1148
5499, 1149
5796, 1150
5461, 1151
5705, 1152
6258, 1153
5694, 1154
5469, 1155
5796, 1156
6362, 1157
5645, 1158
5709, 1159
5732, 1160
5699, 1161
5627, 1162
5570, 1163
5709, 1164
5447, 1165
5488, 1166
5687, 1167
5582, 1168
5593, 1169
5642, 1170
5983, 1171
5537, 1172
5488, 1173
5579, 1174
5646, 1175
6123, 1176
5526, 1177
5518, 1178
5675, 1179
6956, 1180
5743, 1181
5679, 1182
5559, 1183
5679, 1184
5529, 1185
5694, 1186
5432, 1187
5462, 1188
5657, 1189
5641, 1190
6272, 1191
5856, 1192
5510, 1193
5695, 1194
6336, 1195
5766, 1196
5458, 1197
5560, 1198
5649, 1199
5567, 1200
5664, 1201
5623, 1202
5604, 1203
5578, 1204
5619, 1205
5706, 1206
5480, 1207
5657, 1208
5717, 1209
5615, 1210
5788, 1211
5529, 1212
5792, 1213
6133, 1214
5683, 1215
5631, 1216
5506, 1217
5676, 1218
5758, 1219
5451, 1220
5556, 1221
5676, 1222
5481, 1223
5484, 1224
5687, 1225
5585, 1226
5765, 1227
5511, 1228
5736, 1229
5556, 1230
6581, 1231
5702, 1232
5713, 1233
5582, 1234
5661, 1235
5690, 1236
5724, 1237
5710, 1238
5713, 1239
5481, 1240
5690, 1241
5545, 1242
5455, 1243
6234, 1244
5721, 1245
5660, 1246
5773, 1247
6325, 1248
5575, 1249
5499, 1250
5751, 1251
5702, 1252
5646, 1253
5750, 1254
5661, 1255
5668, 1256
5710, 1257
5533, 1258
5720, 1259
6651, 1260
5766, 1261
5668, 1262
5436, 1263
5597, 1264
5522, 1265
5605, 1266
6363, 1267
5728, 1268
5507, 1269
5518, 1270
5559, 1271
203224, 1272
5736, 1273
5721, 1274
5675, 1275
5713, 1276
5706, 1277
5507, 1278
5488, 1279
6021, 1280
5800, 1281
5533, 1282
5743, 1283
6332, 1284
5661, 1285
5713, 1286
5604, 1287
5732, 1288
5620, 1289
5669, 1290
5525, 1291
5716, 1292
5758, 1293
5762, 1294
5822, 1295
5675, 1296
6178, 1297
5713, 1298
5469, 1299
5668, 1300
5657, 1301
5589, 1302
5916, 1303
5567, 1304
5687, 1305
5770, 1306
5589, 1307
5511, 1308
5690, 1309
5762, 1310
5563, 1311
5443, 1312
5849, 1313
5597, 1314
5736, 1315
5495, 1316
5431, 1317
5488, 1318
5706, 1319
6268, 1320
5638, 1321
5635, 1322
5616, 1323
5454, 1324
5574, 1325
5698, 1326
5533, 1327
5491, 1328
5563, 1329
5458, 1330
5796, 1331
5762, 1332
6197, 1333
5424, 1334
5466, 1335
5600, 1336
6378, 1337
5645, 1338
5507, 1339
7286, 1340
5605, 1341
5612, 1342
5721, 1343
5597, 1344
5609, 1345
5485, 1346
5484, 1347
5833, 1348
5548, 1349
5691, 1350
5450, 1351
5788, 1352
5514, 1353
5469, 1354
5848, 1355
6491, 1356
5630, 1357
5608, 1358
5686, 1359
5642, 1360
5623, 1361
5679, 1362
5683, 1363
5480, 1364
5428, 1365
5563, 1366
5533, 1367
5664, 1368
6336, 1369
5612, 1370
5435, 1371
5645, 1372
6490, 1373
5679, 1374
5683, 1375
5736, 1376
5664, 1377
5533, 1378
5495, 1379
5616, 1380
5762, 1381
5567, 1382
5695, 1383
5732, 1384
5770, 1385
5675, 1386
5717, 1387
5530, 1388
5615, 1389
5461, 1390
5462, 1391
5980, 1392
5795, 1393
5826, 1394
5687, 1395
5690, 1396
5960, 1397
5691, 1398
5593, 1399
5609, 1400
5499, 1401
5454, 1402
5623, 1403
5770, 1404
5879, 1405
5454, 1406
5511, 1407
5469, 1408
6325, 1409
5623, 1410
5578, 1411
5518, 1412
5503, 1413
5579, 1414
5736, 1415
5649, 1416
5706, 1417
5687, 1418
5432, 1419
6096, 1420
5585, 1421
6081, 1422
5807, 1423
5567, 1424
5466, 1425
5480, 1426
5676, 1427
5792, 1428
5758, 1429
5518, 1430
5522, 1431
5499, 1432
5875, 1433
5702, 1434
5631, 1435
5728, 1436
5676, 1437
5473, 1438
5897, 1439
5754, 1440
5931, 1441
5680, 1442
5620, 1443
5416, 1444
6513, 1445
5680, 1446
5514, 1447
5814, 1448
5480, 1449
5694, 1450
5353, 1451
5732, 1452
5488, 1453
5529, 1454
5510, 1455
5754, 1456
5661, 1457
6629, 1458
5672, 1459
5507, 1460
5672, 1461
6554, 1462
5736, 1463
5709, 1464
6029, 1465
5443, 1466
5740, 1467
5660, 1468
5533, 1469
5702, 1470
5878, 1471
5627, 1472
6077, 1473
5420, 1474
5841, 1475
5593, 1476
5784, 1477
5631, 1478
5687, 1479
5739, 1480
5946, 1481
5669, 1482
5608, 1483
5908, 1484
5762, 1485
5559, 1486
5540, 1487
5694, 1488
5548, 1489
5819, 1490
5499, 1491
5570, 1492
5465, 1493
6148, 1494
5556, 1495
5743, 1496
5496, 1497
6355, 1498
6877, 1499
6531, 1500
5725, 1501
5927, 1502
5653, 1503
5589, 1504
5845, 1505
5679, 1506
5495, 1507
5690, 1508
5841, 1509
5601, 1510
5976, 1511
5349, 1512
5563, 1513
5683, 1514
5897, 1515
5559, 1516
5770, 1517
5668, 1518
5965, 1519
5473, 1520
5488, 1521
5514, 1522
5529, 1523
5551, 1524
5387, 1525
5743, 1526
5679, 1527
5657, 1528
5476, 1529
5740, 1530
5481, 1531
5630, 1532
5466, 1533
5819, 1534
5545, 1535
6344, 1536
5492, 1537
5491, 1538
5518, 1539
5443, 1540
5691, 1541
5653, 1542
5491, 1543
5533, 1544
5492, 1545
5462, 1546
5596, 1547
5431, 1548
6303, 1549
5488, 1550
5683, 1551
5590, 1552
6565, 1553
5751, 1554
5522, 1555
6318, 1556
5744, 1557
5559, 1558
5559, 1559
5728, 1560
5653, 1561
5762, 1562
5799, 1563
5811, 1564
5503, 1565
5860, 1566
5477, 1567
5882, 1568
5762, 1569
5623, 1570
5589, 1571
6243, 1572
5664, 1573
5443, 1574
5469, 1575
5601, 1576
5473, 1577
5458, 1578
7233, 1579
5571, 1580
5818, 1581
5496, 1582
5874, 1583
5541, 1584
5991, 1585
5657, 1586
5499, 1587
5627, 1588
6456, 1589
5638, 1590
5631, 1591
5690, 1592
5656, 1593
5563, 1594
5511, 1595
5804, 1596
5706, 1597
5511, 1598
5428, 1599
5844, 1600
5638, 1601
6494, 1602
5717, 1603
5785, 1604
5720, 1605
5758, 1606
5732, 1607
5638, 1608
5641, 1609
5683, 1610
5792, 1611
5912, 1612
5657, 1613
5544, 1614
5781, 1615
5645, 1616
6021, 1617
5795, 1618
5717, 1619
5439, 1620
5736, 1621
5743, 1622
5510, 1623
5398, 1624
6765, 1625
5676, 1626
5608, 1627
5683, 1628
5477, 1629
5653, 1630
5555, 1631
5954, 1632
5897, 1633
5728, 1634
5454, 1635
6002, 1636
5683, 1637
6351, 1638
5710, 1639
5939, 1640
6055, 1641
6746, 1642
5789, 1643
6179, 1644
5780, 1645
5650, 1646
5687, 1647
5552, 1648
5788, 1649
5469, 1650
5743, 1651
5432, 1652
5939, 1653
5499, 1654
6317, 1655
5503, 1656
5710, 1657
5691, 1658
6945, 1659
5567, 1660
6329, 1661
5638, 1662
5796, 1663
5650, 1664
5466, 1665
5815, 1666
5514, 1667
5702, 1668
5686, 1669
6051, 1670
5709, 1671
5657, 1672
5641, 1673
6314, 1674
5656, 1675
5665, 1676
5750, 1677
6404, 1678
5668, 1679
5589, 1680
5710, 1681
5736, 1682
5619, 1683
5631, 1684
5725, 1685
5544, 1686
5732, 1687
5537, 1688
6073, 1689
5619, 1690
5976, 1691
5650, 1692
5566, 1693
5725, 1694
5808, 1695
5529, 1696
6025, 1697
5499, 1698
5856, 1699
5496, 1700
5923, 1701
5465, 1702
5777, 1703
5451, 1704
5642, 1705
5736, 1706
5630, 1707
5600, 1708
5484, 1709
5803, 1710
5436, 1711
6009, 1712
5477, 1713
6419, 1714
5680, 1715
5672, 1716
5503, 1717
5803, 1718
5495, 1719
5818, 1720
5488, 1721
5691, 1722
5510, 1723
5488, 1724
5732, 1725
5664, 1726
6291, 1727
5537, 1728
5792, 1729
5630, 1730
6479, 1731
5668, 1732
5630, 1733
5484, 1734
5672, 1735
5601, 1736
5762, 1737
5810, 1738
5567, 1739
5668, 1740
5469, 1741
5758, 1742
5465, 1743
5728, 1744
5458, 1745
5679, 1746
5470, 1747
5717, 1748
5432, 1749
6355, 1750
5694, 1751
5702, 1752
5796, 1753
5716, 1754
5706, 1755
5518, 1756
5699, 1757
5560, 1758
5720, 1759
5687, 1760
5646, 1761
5709, 1762
6265, 1763
5533, 1764
5897, 1765
5518, 1766
6382, 1767
5544, 1768
5563, 1769
5526, 1770
5518, 1771
5665, 1772
5630, 1773
5729, 1774
5687, 1775
5743, 1776
5443, 1777
5931, 1778
5518, 1779
6013, 1780
5405, 1781
5671, 1782
5585, 1783
5795, 1784
5691, 1785
5863, 1786
5409, 1787
5702, 1788
5578, 1789
5650, 1790
5518, 1791
5638, 1792
5687, 1793
5541, 1794
8979, 1795
5766, 1796
5420, 1797
5424, 1798
5766, 1799
5672, 1800
5695, 1801
5488, 1802
6423, 1803
5769, 1804
5676, 1805
5515, 1806
6044, 1807
5687, 1808
5792, 1809
5631, 1810
5713, 1811
5909, 1812
5886, 1813
5570, 1814
5679, 1815
6232, 1816
5484, 1817
7414, 1818
5751, 1819
5552, 1820
5514, 1821
5762, 1822
5488, 1823
5927, 1824
5574, 1825
5804, 1826
5507, 1827
5694, 1828
5608, 1829
5638, 1830
5687, 1831
5732, 1832
5514, 1833
5780, 1834
5544, 1835
5521, 1836
5702, 1837
5526, 1838
5709, 1839
5729, 1840
6438, 1841
5691, 1842
5428, 1843
5469, 1844
5690, 1845
5660, 1846
5612, 1847
5714, 1848
5803, 1849
5695, 1850
5559, 1851
5679, 1852
5458, 1853
6261, 1854
5495, 1855
5890, 1856
5406, 1857
6497, 1858
5676, 1859
5706, 1860
5480, 1861
5762, 1862
5743, 1863
5582, 1864
5650, 1865
5762, 1866
5615, 1867
5705, 1868
5837, 1869
5507, 1870
6002, 1871
5605, 1872
5593, 1873
5462, 1874
5769, 1875
5608, 1876
5841, 1877
5705, 1878
5540, 1879
5641, 1880
5788, 1881
5657, 1882
5638, 1883
5735, 1884
5676, 1885
5691, 1886
5563, 1887
5586, 1888
5709, 1889
5537, 1890
5417, 1891
5642, 1892
5660, 1893
6423, 1894
5634, 1895
5796, 1896
5706, 1897
6573, 1898
5635, 1899
5552, 1900
5755, 1901
5570, 1902
5657, 1903
5634, 1904
5702, 1905
5477, 1906
6393, 1907
5492, 1908
5413, 1909
5574, 1910
6843, 1911
5526, 1912
5619, 1913
5481, 1914
5950, 1915
5522, 1916
5537, 1917
5465, 1918
5736, 1919
5581, 1920
5571, 1921
5510, 1922
5540, 1923
5796, 1924
5665, 1925
5645, 1926
5514, 1927
5608, 1928
5495, 1929
6340, 1930
5473, 1931
5713, 1932
5405, 1933
5747, 1934
5469, 1935
5612, 1936
5732, 1937
5533, 1938
5676, 1939
5488, 1940
5649, 1941
5541, 1942
5984, 1943
5548, 1944
5672, 1945
5510, 1946
6396, 1947
5526, 1948
5762, 1949
5683, 1950
5619, 1951
5649, 1952
5634, 1953
5492, 1954
5687, 1955
5443, 1956
5848, 1957
5690, 1958
5811, 1959
6044, 1960
5758, 1961
5488, 1962
5751, 1963
6329, 1964
5728, 1965
6205, 1966
5687, 1967
5462, 1968
5473, 1969
5713, 1970
5698, 1971
5758, 1972
5713, 1973
5608, 1974
5661, 1975
5721, 1976
5751, 1977
6854, 1978
6189, 1979
5589, 1980
5714, 1981
5544, 1982
6617, 1983
5747, 1984
5616, 1985
5713, 1986
5713, 1987
5500, 1988
5799, 1989
5698, 1990
5893, 1991
5923, 1992
5747, 1993
5814, 1994
5642, 1995
5946, 1996
5608, 1997
5683, 1998
5601, 1999
5702, 2000
5702, 2001
5979, 2002
5642, 2003
5605, 2004
5593, 2005
5518, 2006
5732, 2007
5721, 2008
5506, 2009
5687, 2010
5529, 2011
5855, 2012
5477, 2013
5690, 2014
5526, 2015
5834, 2016
5496, 2017
5830, 2018
6370, 2019
5660, 2020
5679, 2021
5485, 2022
5668, 2023
5668, 2024
27124, 2025
5728, 2026
5563, 2027
5484, 2028
5769, 2029
5503, 2030
5578, 2031
6340, 2032
5909, 2033
5518, 2034
5702, 2035
6307, 2036
5649, 2037
5717, 2038
5630, 2039
6115, 2040
5446, 2041
5555, 2042
5619, 2043
5825, 2044
5642, 2045
5721, 2046
5848, 2047
5518, 2048
5661, 2049
5803, 2050
5623, 2051
5605, 2052
5732, 2053
5533, 2054
5984, 2055
5533, 2056
5664, 2057
5709, 2058
5769, 2059
5676, 2060
5788, 2061
5627, 2062
5593, 2063
5635, 2064
5672, 2065
5661, 2066
5586, 2067
6115, 2068
5552, 2069
5721, 2070
5578, 2071
6497, 2072
5574, 2073
5450, 2074
5491, 2075
5762, 2076
5473, 2077
5698, 2078
5597, 2079
5582, 2080
5638, 2081
5537, 2082
5769, 2083
5871, 2084
9568, 2085
5623, 2086
5657, 2087
5822, 2088
5680, 2089
5590, 2090
5889, 2091
5466, 2092
5473, 2093
5698, 2094
5450, 2095
5833, 2096
5702, 2097
5533, 2098
5950, 2099
5412, 2100
5871, 2101
5694, 2102
5837, 2103
5503, 2104
5788, 2105
5705, 2106
5788, 2107
6374, 2108
5657, 2109
5698, 2110
5555, 2111
5431, 2112
5537, 2113
5619, 2114
5695, 2115
5511, 2116
5859, 2117
5878, 2118
5672, 2119
5781, 2120
6193, 2121
5758, 2122
5435, 2123
5653, 2124
6513, 2125
5706, 2126
5698, 2127
5725, 2128
5630, 2129
5713, 2130
5428, 2131
5631, 2132
5581, 2133
5721, 2134
5709, 2135
5848, 2136
6588, 2137
5507, 2138
5563, 2139
5491, 2140
5560, 2141
5729, 2142
5762, 2143
5593, 2144
5552, 2145
6539, 2146
8957, 2147
5713, 2148
5687, 2149
5642, 2150
5634, 2151
75953, 2152
5965, 2153
6003, 2154
5683, 2155
5680, 2156
5649, 2157
5698, 2158
6565, 2159
6310, 2160
5750, 2161
6005, 2162
6651, 2163
5818, 2164
5533, 2165
5724, 2166
5571, 2167
5864, 2168
5721, 2169
5585, 2170
5834, 2171
5856, 2172
5736, 2173
5923, 2174
5604, 2175
5984, 2176
5706, 2177
5620, 2178
5582, 2179
5608, 2180
5503, 2181
5706, 2182
5537, 2183
5496, 2184
5728, 2185
5661, 2186
5402, 2187
5476, 2188
5526, 2189
5623, 2190
5455, 2191
5611, 2192
5522, 2193
5725, 2194
5548, 2195
5699, 2196
5582, 2197
5653, 2198
6505, 2199
5551, 2200
5683, 2201
5653, 2202
5706, 2203
5417, 2204
5687, 2205
5702, 2206
5691, 2207
5683, 2208
5657, 2209
5635, 2210
5871, 2211
6257, 2212
5522, 2213
5679, 2214
5825, 2215
6306, 2216
6757, 2217
5574, 2218
5852, 2219
5544, 2220
5709, 2221
5725, 2222
5495, 2223
5769, 2224
5496, 2225
5506, 2226
5653, 2227
5604, 2228
5687, 2229
5645, 2230
5687, 2231
5657, 2232
5713, 2233
5654, 2234
6186, 2235
5649, 2236
5691, 2237
5571, 2238
5480, 2239
5555, 2240
5654, 2241
5480, 2242
5488, 2243
5454, 2244
5585, 2245
5413, 2246
5469, 2247
5919, 2248
5762, 2249
5425, 2250
5826, 2251
6576, 2252
5905, 2253
5785, 2254
5751, 2255
5856, 2256
5755, 2257
5462, 2258
5496, 2259
5751, 2260
5514, 2261
5751, 2262
5672, 2263
5695, 2264
6152, 2265
5758, 2266
5758, 2267
5548, 2268
6419, 2269
5717, 2270
5762, 2271
5503, 2272
5691, 2273
5698, 2274
5638, 2275
5537, 2276
5668, 2277
5574, 2278
5687, 2279
5728, 2280
5875, 2281
5657, 2282
5732, 2283
5698, 2284
5822, 2285
5559, 2286
5706, 2287
6295, 2288
5721, 2289
5604, 2290
5649, 2291
5582, 2292
5676, 2293
5721, 2294
5750, 2295
5495, 2296
7072, 2297
5530, 2298
5942, 2299
5683, 2300
6355, 2301
5627, 2302
5522, 2303
5743, 2304
5661, 2305
5721, 2306
5781, 2307
5811, 2308
5578, 2309
5709, 2310
5555, 2311
5522, 2312
5608, 2313
5631, 2314
5661, 2315
5435, 2316
5710, 2317
5698, 2318
5585, 2319
5518, 2320
5732, 2321
5638, 2322
5627, 2323
6329, 2324
5653, 2325
5739, 2326
5867, 2327
5465, 2328
5612, 2329
5736, 2330
5777, 2331
5729, 2332
5582, 2333
5469, 2334
5683, 2335
5611, 2336
6216, 2337
5683, 2338
5495, 2339
5743, 2340
6430, 2341
5589, 2342
5750, 2343
5979, 2344
5901, 2345
5740, 2346
5668, 2347
5875, 2348
5713, 2349
5680, 2350
6039, 2351
5972, 2352
5473, 2353
5995, 2354
5796, 2355
5717, 2356
5799, 2357
5495, 2358
5578, 2359
6017, 2360
5777, 2361
5702, 2362
5747, 2363
5473, 2364
5770, 2365
5694, 2366
5799, 2367
5529, 2368
5507, 2369
5443, 2370
5687, 2371
5710, 2372
5518, 2373
5566, 2374
5789, 2375
5469, 2376
6599, 2377
5710, 2378
5665, 2379
5728, 2380
5691, 2381
5713, 2382
5668, 2383
5477, 2384
5698, 2385
5638, 2386
5777, 2387
5796, 2388
5810, 2389
6318, 2390
5739, 2391
5495, 2392
5698, 2393
5656, 2394
5650, 2395
5642, 2396
5672, 2397
5439, 2398
5544, 2399
5671, 2400
5552, 2401
5604, 2402
5556, 2403
5447, 2404
5536, 2405
5582, 2406
5432, 2407
5597, 2408
5759, 2409
5669, 2410
5484, 2411
5675, 2412
6498, 2413
5765, 2414
5702, 2415
5544, 2416
5890, 2417
5657, 2418
5702, 2419
5510, 2420
5687, 2421
5860, 2422
5499, 2423
5702, 2424
5785, 2425
6190, 2426
5664, 2427
5469, 2428
5863, 2429
6407, 2430
5530, 2431
5443, 2432
5650, 2433
5747, 2434
5627, 2435
5721, 2436
5653, 2437
5702, 2438
5912, 2439
5436, 2440
5953, 2441
5548, 2442
6344, 2443
5451, 2444
5717, 2445
5499, 2446
5743, 2447
5664, 2448
5886, 2449
5669, 2450
5536, 2451
5657, 2452
5713, 2453
5744, 2454
5518, 2455
7196, 2456
5574, 2457
5668, 2458
5559, 2459
5769, 2460
5484, 2461
5867, 2462
5529, 2463
6190, 2464
5465, 2465
5717, 2466
5578, 2467
6532, 2468
5679, 2469
5619, 2470
5537, 2471
5687, 2472
5698, 2473
5706, 2474
5691, 2475
5717, 2476
5717, 2477
5668, 2478
6081, 2479
5631, 2480
6287, 2481
5597, 2482
5612, 2483
5759, 2484
5634, 2485
5435, 2486
6006, 2487
5799, 2488
5672, 2489
5822, 2490
5706, 2491
5612, 2492
5773, 2493
5641, 2494
5706, 2495
5522, 2496
5687, 2497
5852, 2498
5710, 2499
5604, 2500
5687, 2501
5477, 2502
5713, 2503
6408, 2504
5751, 2505
5683, 2506
5837, 2507
5796, 2508
5690, 2509
5691, 2510
5706, 2511
5709, 2512
5537, 2513
5799, 2514
5810, 2515
5747, 2516
6205, 2517
5668, 2518
5605, 2519
5698, 2520
6348, 2521
5642, 2522
5631, 2523
5664, 2524
5634, 2525
5758, 2526
5739, 2527
5709, 2528
5699, 2529
5773, 2530
5537, 2531
6032, 2532
5503, 2533
6242, 2534
5556, 2535
6535, 2536
5638, 2537
5510, 2538
5657, 2539
6149, 2540
5814, 2541
5698, 2542
5657, 2543
5717, 2544
5731, 2545
5529, 2546
5804, 2547
9096, 2548
5818, 2549
5672, 2550
5705, 2551
5428, 2552
6024, 2553
5541, 2554
5724, 2555
5586, 2556
6550, 2557
5728, 2558
5762, 2559
5657, 2560
5522, 2561
5800, 2562
5743, 2563
5901, 2564
5503, 2565
5845, 2566
5585, 2567
5807, 2568
5503, 2569
6400, 2570
5604, 2571
5736, 2572
5488, 2573
6524, 2574
5716, 2575
5687, 2576
5713, 2577
5676, 2578
5759, 2579
5675, 2580
5600, 2581
5684, 2582
5675, 2583
5721, 2584
5904, 2585
5609, 2586
5807, 2587
5465, 2588
5804, 2589
5732, 2590
5818, 2591
5499, 2592
6220, 2593
5646, 2594
5615, 2595
5815, 2596
5811, 2597
5649, 2598
5480, 2599
5852, 2600
5773, 2601
5799, 2602
5525, 2603
5829, 2604
5649, 2605
5889, 2606
5657, 2607
5597, 2608
5608, 2609
6351, 2610
5698, 2611
5473, 2612
5669, 2613
5758, 2614
5732, 2615
6633, 2616
5694, 2617
5488, 2618
5796, 2619
5454, 2620
5694, 2621
5492, 2622
5743, 2623
5484, 2624
5811, 2625
5488, 2626
5796, 2627
5612, 2628
6587, 2629
5507, 2630
5664, 2631
5792, 2632
5672, 2633
5680, 2634
5555, 2635
5679, 2636
5665, 2637
5713, 2638
5511, 2639
5728, 2640
5769, 2641
6246, 2642
5709, 2643
5545, 2644
5717, 2645
6554, 2646
5710, 2647
5526, 2648
5694, 2649
5522, 2650
5792, 2651
5705, 2652
5702, 2653
5608, 2654
5856, 2655
5649, 2656
5792, 2657
5638, 2658
6408, 2659
5687, 2660
5750, 2661
5683, 2662
5634, 2663
5709, 2664
5769, 2665
5653, 2666
5683, 2667
5657, 2668
5747, 2669
5743, 2670
5503, 2671
5735, 2672
5503, 2673
5769, 2674
5560, 2675
5747, 2676
5447, 2677
5679, 2678
5679, 2679
5585, 2680
5702, 2681
6550, 2682
5537, 2683
5721, 2684
5473, 2685
5679, 2686
5706, 2687
5665, 2688
5571, 2689
5736, 2690
5631, 2691
5661, 2692
5717, 2693
5769, 2694
6321, 2695
5698, 2696
5875, 2697
5736, 2698
6283, 2699
5856, 2700
5908, 2701
5589, 2702
5800, 2703
5672, 2704
5709, 2705
5649, 2706
5665, 2707
5574, 2708
5578, 2709
5725, 2710
5717, 2711
5889, 2712
5548, 2713
6025, 2714
5807, 2715
5777, 2716
5574, 2717
6629, 2718
5616, 2719
6043, 2720
5780, 2721
5739, 2722
6265, 2723
5994, 2724
5788, 2725
6002, 2726
6043, 2727
5754, 2728
5699, 2729
5848, 2730
5886, 2731
87973, 2732
5833, 2733
5514, 2734
6408, 2735
5650, 2736
5735, 2737
5709, 2738
5698, 2739
5661, 2740
5593, 2741
5691, 2742
5676, 2743
5785, 2744
5518, 2745
6014, 2746
5657, 2747
6397, 2748
5488, 2749
5916, 2750
5537, 2751
5702, 2752
5612, 2753
5845, 2754
5578, 2755
5743, 2756
5507, 2757
5698, 2758
5522, 2759
5796, 2760
5401, 2761
5420, 2762
5705, 2763
5500, 2764
5699, 2765
5510, 2766
5552, 2767
5649, 2768
5758, 2769
5736, 2770
6363, 2771
5676, 2772
5826, 2773
5680, 2774
7114, 2775
5653, 2776
5706, 2777
5597, 2778
5804, 2779
5461, 2780
5713, 2781
5788, 2782
5680, 2783
5822, 2784
5724, 2785
6408, 2786
5481, 2787
5714, 2788
9663, 2789
6250, 2790
5582, 2791
5661, 2792
5521, 2793
5856, 2794
5593, 2795
5571, 2796
5646, 2797
5714, 2798
5439, 2799
5514, 2800
5544, 2801
5698, 2802
5732, 2803
5713, 2804
5807, 2805
5766, 2806
5751, 2807
5548, 2808
6415, 2809
5458, 2810
5563, 2811
5657, 2812
5792, 2813
5665, 2814
5751, 2815
5480, 2816
5491, 2817
5525, 2818
5721, 2819
6157, 2820
5706, 2821
6152, 2822
5413, 2823
5563, 2824
5664, 2825
6596, 2826
5518, 2827
5664, 2828
5665, 2829
5601, 2830
5488, 2831
5597, 2832
5635, 2833
5664, 2834
5548, 2835
5533, 2836
5750, 2837
5556, 2838
6415, 2839
5676, 2840
5713, 2841
5649, 2842
5477, 2843
5571, 2844
5751, 2845
5705, 2846
5717, 2847
5747, 2848
5800, 2849
5717, 2850
5811, 2851
5552, 2852
5462, 2853
5540, 2854
6468, 2855
5653, 2856
5589, 2857
5803, 2858
5683, 2859
5721, 2860
5672, 2861
6479, 2862
5713, 2863
5724, 2864
5514, 2865
5664, 2866
5777, 2867
5837, 2868
5499, 2869
5777, 2870
5515, 2871
5526, 2872
5495, 2873
5484, 2874
6682, 2875
5469, 2876
5706, 2877
5462, 2878
6388, 2879
5739, 2880
5683, 2881
5713, 2882
5706, 2883
6220, 2884
5743, 2885
5510, 2886
5646, 2887
5743, 2888
5690, 2889
5987, 2890
5706, 2891
5736, 2892
6949, 2893
6047, 2894
5822, 2895
5953, 2896
5747, 2897
6141, 2898
5769, 2899
5849, 2900
5698, 2901
6058, 2902
5924, 2903
5905, 2904
5616, 2905
5901, 2906
5627, 2907
5874, 2908
5822, 2909
5661, 2910
5927, 2911
5743, 2912
5729, 2913
6044, 2914
6606, 2915
5611, 2916
5856, 2917
5690, 2918
5867, 2919
5743, 2920
5724, 2921
5563, 2922
5867, 2923
5968, 2924
5908, 2925
5706, 2926
5897, 2927
6467, 2928
6182, 2929
5987, 2930
5829, 2931
6626, 2932
5780, 2933
5905, 2934
11141, 2935
5840, 2936
5732, 2937
5759, 2938
5698, 2939
6066, 2940
5924, 2941
5923, 2942
5717, 2943
5570, 2944
5729, 2945
5961, 2946
6149, 2947
5784, 2948
6205, 2949
5635, 2950
6765, 2951
5728, 2952
6032, 2953
5927, 2954
5882, 2955
5773, 2956
5713, 2957
6074, 2958
5653, 2959
5777, 2960
5859, 2961
5949, 2962
5799, 2963
6456, 2964
5695, 2965
5807, 2966
5720, 2967
6119, 2968
5484, 2969
5852, 2970
5721, 2971
5774, 2972
5679, 2973
5627, 2974
5642, 2975
5589, 2976
5638, 2977
5567, 2978
5604, 2979
5620, 2980
5668, 2981
5694, 2982
5511, 2983
5462, 2984
5800, 2985
5679, 2986
6347, 2987
5664, 2988
5740, 2989
5615, 2990
5695, 2991
5747, 2992
5751, 2993
5754, 2994
5830, 2995
5530, 2996
5954, 2997
5691, 2998
5725, 2999
5995, 3000
5706, 3001
5454, 3002
5777, 3003
6554, 3004
5706, 3005
5706, 3006
5781, 3007
5765, 3008
5503, 3009
5867, 3010
5660, 3011
9302, 3012
5810, 3013
5736, 3014
5852, 3015
5578, 3016
5691, 3017
5536, 3018
5773, 3019
5657, 3020
5717, 3021
5676, 3022
6314, 3023
5788, 3024
5721, 3025
5616, 3026
5702, 3027
5436, 3028
5612, 3029
5694, 3030
5612, 3031
5732, 3032
5548, 3033
5713, 3034
5589, 3035
5969, 3036
5706, 3037
5826, 3038
5552, 3039
6437, 3040
5642, 3041
5650, 3042
5724, 3043
5882, 3044
5683, 3045
5492, 3046
5623, 3047
5672, 3048
5698, 3049
5552, 3050
5672, 3051
5507, 3052
6298, 3053
5717, 3054
5795, 3055
5679, 3056
6186, 3057
5510, 3058
5668, 3059
5499, 3060
5754, 3061
5447, 3062
5683, 3063
5510, 3064
5901, 3065
5525, 3066
5601, 3067
5507, 3068
5650, 3069
5608, 3070
5604, 3071
5601, 3072
5638, 3073
8964, 3074
5675, 3075
6144, 3076
5638, 3077
5721, 3078
5608, 3079
5623, 3080
5740, 3081
5634, 3082
5694, 3083
5661, 3084
5563, 3085
5585, 3086
5510, 3087
5661, 3088
5999, 3089
5729, 3090
5544, 3091
5552, 3092
6434, 3093
6813, 3094
6254, 3095
5526, 3096
5665, 3097
5521, 3098
5724, 3099
5563, 3100
5506, 3101
5810, 3102
5615, 3103
5683, 3104
5660, 3105
5679, 3106
5567, 3107
5774, 3108
5499, 3109
5818, 3110
5634, 3111
5705, 3112
5518, 3113
6430, 3114
5560, 3115
5488, 3116
5717, 3117
5701, 3118
5503, 3119
5792, 3120
5631, 3121
5616, 3122
5679, 3123
5657, 3124
5657, 3125
5454, 3126
6002, 3127
5680, 3128
5533, 3129
5533, 3130
6453, 3131
5601, 3132
5503, 3133
5391, 3134
5638, 3135
5530, 3136
5631, 3137
5488, 3138
5755, 3139
5514, 3140
5814, 3141
5649, 3142
5642, 3143
6283, 3144
5701, 3145
5646, 3146
5860, 3147
6025, 3148
5638, 3149
5732, 3150
5405, 3151
5702, 3152
5657, 3153
5698, 3154
5496, 3155
5717, 3156
5521, 3157
5785, 3158
5608, 3159
5691, 3160
5488, 3161
5717, 3162
5476, 3163
5665, 3164
5630, 3165
5908, 3166
6156, 3167
5694, 3168
5586, 3169
5680, 3170
5436, 3171
5774, 3172
5679, 3173
6726, 3174
5777, 3175
5646, 3176
5499, 3177
5657, 3178
5511, 3179
6261, 3180
5623, 3181
5717, 3182
5654, 3183
6366, 3184
5867, 3185
5522, 3186
5446, 3187
5680, 3188
5510, 3189
5770, 3190
5679, 3191
5525, 3192
5811, 3193
5560, 3194
6017, 3195
5815, 3196
6077, 3197
5732, 3198
5725, 3199
5725, 3200
5706, 3201
5728, 3202
5751, 3203
5732, 3204
5503, 3205
5878, 3206
5481, 3207
5499, 3208
5563, 3209
5822, 3210
5897, 3211
5852, 3212
6133, 3213
5668, 3214
6047, 3215
5530, 3216
5571, 3217
5540, 3218
5683, 3219
6257, 3220
5811, 3221
5551, 3222
5758, 3223
5552, 3224
5695, 3225
5556, 3226
5518, 3227
5593, 3228
5556, 3229
5769, 3230
5698, 3231
5694, 3232
6295, 3233
5859, 3234
5664, 3235
5789, 3236
6408, 3237
5868, 3238
5721, 3239
5548, 3240
5687, 3241
5684, 3242
5747, 3243
5480, 3244
6178, 3245
5626, 3246
5605, 3247
5807, 3248
5751, 3249
5698, 3250
5964, 3251
5518, 3252
5514, 3253
6644, 3254
5736, 3255
6479, 3256
5830, 3257
5687, 3258
5570, 3259
5702, 3260
5503, 3261
5751, 3262
5660, 3263
5710, 3264
5443, 3265
5672, 3266
5581, 3267
5848, 3268
6351, 3269
5965, 3270
5537, 3271
5759, 3272
6374, 3273
5649, 3274
5668, 3275
5852, 3276
5600, 3277
5720, 3278
5732, 3279
5747, 3280
5473, 3281
5788, 3282
5653, 3283
5646, 3284
5774, 3285
5702, 3286
5732, 3287
5773, 3288
5619, 3289
5755, 3290
5679, 3291
6295, 3292
5807, 3293
5777, 3294
5845, 3295
5642, 3296
5548, 3297
5683, 3298
5642, 3299
5792, 3300
5510, 3301
5657, 3302
5597, 3303
5781, 3304
6186, 3305
5510, 3306
5612, 3307
5713, 3308
6254, 3309
5871, 3310
5694, 3311
5739, 3312
5593, 3313
7624, 3314
5870, 3315
5638, 3316
5893, 3317
5555, 3318
5826, 3319
5762, 3320
5653, 3321
6310, 3322
5642, 3323
5672, 3324
5522, 3325
5916, 3326
5642, 3327
5747, 3328
5882, 3329
5555, 3330
5665, 3331
5724, 3332
5477, 3333
5690, 3334
5623, 3335
5672, 3336
5488, 3337
6137, 3338
5679, 3339
5822, 3340
5841, 3341
5536, 3342
5675, 3343
5990, 3344
6655, 3345
6074, 3346
5784, 3347
5601, 3348
5826, 3349
5942, 3350
5792, 3351
5927, 3352
6063, 3353
5765, 3354
5604, 3355
5593, 3356
5815, 3357
6363, 3358
5570, 3359
5717, 3360
5555, 3361
6291, 3362
5578, 3363
5522, 3364
5536, 3365
5758, 3366
5630, 3367
5687, 3368
5706, 3369
5533, 3370
5563, 3371
5597, 3372
5650, 3373
5518, 3374
5551, 3375
5514, 3376
5590, 3377
5552, 3378
5859, 3379
5671, 3380
6295, 3381
5654, 3382
5551, 3383
5747, 3384
5785, 3385
5777, 3386
5669, 3387
5495, 3388
5739, 3389
5735, 3390
5675, 3391
5758, 3392
5732, 3393
5796, 3394
5660, 3395
5533, 3396
5555, 3397
6476, 3398
5890, 3399
5676, 3400
5690, 3401
5495, 3402
5672, 3403
5507, 3404
5762, 3405
5826, 3406
5747, 3407
5525, 3408
5555, 3409
5481, 3410
6306, 3411
5770, 3412
6810, 3413
5732, 3414
5570, 3415
5943, 3416
5499, 3417
5706, 3418
6261, 3419
5871, 3420
5758, 3421
5503, 3422
5792, 3423
5683, 3424
5743, 3425
5841, 3426
5807, 3427
5751, 3428
5642, 3429
5500, 3430
5717, 3431
5890, 3432
5675, 3433
5612, 3434
5717, 3435
6445, 3436
5792, 3437
5447, 3438
5814, 3439
5469, 3440
5905, 3441
5476, 3442
5620, 3443
5893, 3444
5773, 3445
5691, 3446
5766, 3447
5443, 3448
6103, 3449
5473, 3450
5503, 3451
5728, 3452
6232, 3453
5815, 3454
5439, 3455
5961, 3456
5526, 3457
5800, 3458
5623, 3459
5522, 3460
5608, 3461
5552, 3462
5664, 3463
5710, 3464
5838, 3465
5465, 3466
5683, 3467
5552, 3468
5721, 3469
5518, 3470
5883, 3471
6340, 3472
5762, 3473
5698, 3474
5803, 3475
5552, 3476
5721, 3477
5484, 3478
5714, 3479
5540, 3480
5890, 3481
5488, 3482
5567, 3483
5500, 3484
5991, 3485
5743, 3486
5454, 3487
5807, 3488
6385, 3489
5919, 3490
5657, 3491
5506, 3492
6543, 3493
5657, 3494
5874, 3495
5686, 3496
5485, 3497
6093, 3498
5469, 3499
5976, 3500
5518, 3501
6254, 3502
5500, 3503
5928, 3504
5507, 3505
5698, 3506
8702, 3507
5998, 3508
5743, 3509
5724, 3510
5687, 3511
5683, 3512
5619, 3513
5668, 3514
5484, 3515
5435, 3516
5596, 3517
5736, 3518
5559, 3519
5638, 3520
5518, 3521
5661, 3522
5476, 3523
5690, 3524
6419, 3525
5653, 3526
5627, 3527
5687, 3528
5743, 3529
5664, 3530
5781, 3531
5608, 3532
5713, 3533
5574, 3534
5713, 3535
5675, 3536
5691, 3537
6389, 3538
5729, 3539
5706, 3540
5739, 3541
6501, 3542
5634, 3543
5623, 3544
5769, 3545
5653, 3546
5526, 3547
5721, 3548
5785, 3549
5751, 3550
5717, 3551
5631, 3552
6149, 3553
5511, 3554
6126, 3555
5597, 3556
5702, 3557
5687, 3558
5732, 3559
5529, 3560
5976, 3561
5709, 3562
5679, 3563
5739, 3564
5721, 3565
5799, 3566
5811, 3567
5589, 3568
8615, 3569
5570, 3570
5608, 3571
5698, 3572
6596, 3573
6494, 3574
5653, 3575
5477, 3576
5619, 3577
6299, 3578
5551, 3579
5533, 3580
5852, 3581
5536, 3582
5705, 3583
5492, 3584
5695, 3585
5743, 3586
5563, 3587
5759, 3588
5481, 3589
5728, 3590
5649, 3591
5687, 3592
5676, 3593
5830, 3594
5499, 3595
5417, 3596
6254, 3597
5669, 3598
5620, 3599
5571, 3600
5646, 3601
5759, 3602
5668, 3603
5556, 3604
5747, 3605
5631, 3606
5661, 3607
5773, 3608
5721, 3609
6104, 3610
5638, 3611
5706, 3612
5848, 3613
6415, 3614
5747, 3615
5454, 3616
5695, 3617
5698, 3618
5912, 3619
5691, 3620
5575, 3621
5713, 3622
5774, 3623
5694, 3624
5934, 3625
5455, 3626
6626, 3627
5488, 3628
5852, 3629
5503, 3630
6287, 3631
5529, 3632
5732, 3633
5488, 3634
5709, 3635
5784, 3636
5612, 3637
5503, 3638
5680, 3639
11858, 3640
5751, 3641
8112, 3642
5530, 3643
8157, 3644
5507, 3645
8214, 3646
5650, 3647
7837, 3648
5758, 3649
6321, 3650
5717, 3651
5484, 3652
7913, 3653
5552, 3654
8160, 3655
5578, 3656
8059, 3657
5605, 3658
7917, 3659
5627, 3660
7920, 3661
5694, 3662
9069, 3663
5627, 3664
7875, 3665
5750, 3666
8900, 3667
5634, 3668
5597, 3669
5653, 3670
5605, 3671
8202, 3672
5596, 3673
8202, 3674
5605, 3675
7977, 3676
5679, 3677
8198, 3678
5630, 3679
10830, 3680
5631, 3681
8258, 3682
5649, 3683
7969, 3684
5665, 3685
8491, 3686
5664, 3687
5510, 3688
5638, 3689
5578, 3690
8172, 3691
5631, 3692
7939, 3693
5672, 3694
11651, 3695
5668, 3696
8296, 3697
5732, 3698
8175, 3699
5739, 3700
8202, 3701
5668, 3702
8663, 3703
5773, 3704
5717, 3705
5747, 3706
5518, 3707
8082, 3708
5570, 3709
10371, 3710
5777, 3711
7905, 3712
5653, 3713
8146, 3714
5616, 3715
8612, 3716
5623, 3717
8254, 3718
5608, 3719
7733, 3720
5642, 3721
8277, 3722
5642, 3723
5758, 3724
5604, 3725
5661, 3726
7913, 3727
5582, 3728
8070, 3729
5615, 3730
8281, 3731
6783, 3732
7995, 3733
5680, 3734
8247, 3735
5556, 3736
8356, 3737
5619, 3738
10811, 3739
5646, 3740
8949, 3741
5694, 3742
7936, 3743
5671, 3744
5518, 3745
5653, 3746
5675, 3747
7845, 3748
5615, 3749
7857, 3750
5646, 3751
8074, 3752
5567, 3753
8607, 3754
5627, 3755
7988, 3756
5605, 3757
8919, 3758
5729, 3759
10705, 3760
5690, 3761
8116, 3762
5646, 3763
5762, 3764
5635, 3765
5728, 3766
7789, 3767
5597, 3768
10256, 3769
5713, 3770
7850, 3771
5653, 3772
7868, 3773
5623, 3774
8089, 3775
5657, 3776
8888, 3777
5620, 3778
8037, 3779
5683, 3780
5819, 3781
5976, 3782
5751, 3783
8116, 3784
5574, 3785
7861, 3786
5608, 3787
7657, 3788
5660, 3789
8491, 3790
5615, 3791
8041, 3792
5597, 3793
8979, 3794
5702, 3795
8127, 3796
5961, 3797
10443, 3798
5503, 3799
5582, 3800
8657, 3801
5886, 3802
8333, 3803
5649, 3804
8648, 3805
5728, 3806
9374, 3807
6253, 3808
9730, 3809
5619, 3810
8844, 3811
6404, 3812
10120, 3813
5668, 3814
8265, 3815
5853, 3816
780725, 3817
6130, 3818
5856, 3819
5788, 3820
5555, 3821
8390, 3822
5728, 3823
8273, 3824
5724, 3825
8491, 3826
5755, 3827
8255, 3828
5612, 3829
9047, 3830
5507, 3831
8419, 3832
5702, 3833
7950, 3834
5507, 3835
5634, 3836
5642, 3837
5664, 3838
5597, 3839
5514, 3840
8063, 3841
5544, 3842
13352, 3843
5848, 3844
8675, 3845
6178, 3846
9087, 3847
6085, 3848
9137, 3849
5968, 3850
9321, 3851
5646, 3852
8224, 3853
5690, 3854
5529, 3855
5665, 3856
5619, 3857
8115, 3858
5657, 3859
8285, 3860
5570, 3861
8390, 3862
5645, 3863
8438, 3864
5533, 3865
8990, 3866
5672, 3867
8270, 3868
5690, 3869
8171, 3870
5803, 3871
10886, 3872
5702, 3873
5604, 3874
5669, 3875
5612, 3876
8153, 3877
5506, 3878
8795, 3879
5589, 3880
8453, 3881
5706, 3882
9065, 3883
5650, 3884
8611, 3885
5634, 3886
8254, 3887
5713, 3888
8059, 3889
5695, 3890
5886, 3891
8641, 3892
5687, 3893
6017, 3894
5634, 3895
8311, 3896
5706, 3897
8277, 3898
5642, 3899
8337, 3900
5642, 3901
11321, 3902
5642, 3903
8150, 3904
5642, 3905
8341, 3906
5905, 3907
8018, 3908
5634, 3909
5684, 3910
5582, 3911
5563, 3912
8783, 3913
5563, 3914
8199, 3915
5611, 3916
7961, 3917
5571, 3918
9032, 3919
5735, 3920
8165, 3921
5751, 3922
8258, 3923
5608, 3924
8127, 3925
5743, 3926
8400, 3927
5631, 3928
5669, 3929
5608, 3930
5567, 3931
11580, 3932
5616, 3933
8404, 3934
5661, 3935
8814, 3936
5616, 3937
7991, 3938
5582, 3939
7981, 3940
5694, 3941
8198, 3942
5635, 3943
8243, 3944
5496, 3945
8243, 3946
5713, 3947
5687, 3948
5676, 3949
5551, 3950
7995, 3951
5635, 3952
8022, 3953
5631, 3954
8773, 3955
5694, 3956
7943, 3957
5563, 3958
8495, 3959
5597, 3960
10897, 3961
5484, 3962
7891, 3963
5683, 3964
5586, 3965
5841, 3966
5683, 3967
12531, 3968
5615, 3969
8296, 3970
5469, 3971
9062, 3972
5596, 3973
11577, 3974
5526, 3975
7976, 3976
5593, 3977
8352, 3978
5604, 3979
7849, 3980
5672, 3981
8217, 3982
5833, 3983
5754, 3984
5713, 3985
5620, 3986
7999, 3987
5589, 3988
7969, 3989
5612, 3990
11111, 3991
5650, 3992
8011, 3993
5394, 3994
8018, 3995
5431, 3996
8221, 3997
5665, 3998
7973, 3999
5608, 4000
8041, 4001
5800, 4002
5488, 4003
5920, 4004
5485, 4005
7928, 4006
5605, 4007
8889, 4008
5620, 4009
8198, 4010
5571, 4011
8165, 4012
5611, 4013
8360, 4014
5589, 4015
8314, 4016
5604, 4017
7966, 4018
5653, 4019
5687, 4020
6332, 4021
5492, 4022
5694, 4023
8943, 4024
8837, 4025
5488, 4026
7932, 4027
5570, 4028
8217, 4029
5585, 4030
8003, 4031
5559, 4032
8247, 4033
5721, 4034
8244, 4035
5601, 4036
7841, 4037
5728, 4038
5560, 4039
5631, 4040
5552, 4041
8018, 4042
5619, 4043
8623, 4044
5623, 4045
8119, 4046
5627, 4047
7864, 4048
5721, 4049
10331, 4050
6633, 4051
8029, 4052
5800, 4053
8296, 4054
5687, 4055
7950, 4056
5597, 4057
8108, 4058
6389, 4059
5515, 4060
5645, 4061
5575, 4062
8671, 4063
5567, 4064
8100, 4065
5649, 4066
8214, 4067
5612, 4068
7891, 4069
5649, 4070
7898, 4071
5634, 4072
8090, 4073
5909, 4074
8322, 4075
5631, 4076
8262, 4077
5683, 4078
5510, 4079
5586, 4080
5728, 4081
8686, 4082
5609, 4083
8070, 4084
5578, 4085
7943, 4086
5605, 4087
7920, 4088
5473, 4089
8145, 4090
5605, 4091
8266, 4092
5488, 4093
7906, 4094
5901, 4095
5567, 4096
5691, 4097
5630, 4098
9058, 4099
5642, 4100
7920, 4101
5567, 4102
8063, 4103
5578, 4104
10724, 4105
5679, 4106
8262, 4107
5641, 4108
11160, 4109
5830, 4110
7785, 4111
6217, 4112
8243, 4113
5574, 4114
5544, 4115
6138, 4116
5473, 4117
7887, 4118
5578, 4119
7875, 4120
5717, 4121
8371, 4122
5642, 4123
8074, 4124
5597, 4125
8105, 4126
5631, 4127
8093, 4128
5499, 4129
8127, 4130
6363, 4131
8435, 4132
5686, 4133
5548, 4134
6306, 4135
5575, 4136
8146, 4137
5811, 4138
10405, 4139
5589, 4140
7935, 4141
5563, 4142
8052, 4143
5720, 4144
8164, 4145
5578, 4146
8356, 4147
6167, 4148
8240, 4149
5702, 4150
5627, 4151
6366, 4152
5631, 4153
5660, 4154
5574, 4155
8244, 4156
5540, 4157
8022, 4158
5559, 4159
8235, 4160
5750, 4161
8052, 4162
5931, 4163
8067, 4164
5878, 4165
7906, 4166
5578, 4167
10259, 4168
5706, 4169
5560, 4170
6081, 4171
5496, 4172
7846, 4173
5585, 4174
7965, 4175
5612, 4176
8145, 4177
5582, 4178
7917, 4179
5620, 4180
308993, 4181
5709, 4182
5803, 4183
5788, 4184
5732, 4185
5571, 4186
5796, 4187
5725, 4188
6351, 4189
5642, 4190
5627, 4191
5784, 4192
6449, 4193
5743, 4194
5657, 4195
5728, 4196
5514, 4197
5841, 4198
5492, 4199
5735, 4200
5507, 4201
5825, 4202
5683, 4203
5841, 4204
5657, 4205
5656, 4206
5694, 4207
5514, 4208
5409, 4209
5402, 4210
5630, 4211
6073, 4212
5563, 4213
5620, 4214
5874, 4215
5664, 4216
5462, 4217
5710, 4218
5680, 4219
5800, 4220
5559, 4221
5717, 4222
5717, 4223
5675, 4224
6172, 4225
5510, 4226
5691, 4227
5650, 4228
6558, 4229
5615, 4230
5668, 4231
5615, 4232
5676, 4233
5578, 4234
5552, 4235
5514, 4236
5462, 4237
5840, 4238
5537, 4239
5533, 4240
5473, 4241
6295, 4242
5496, 4243
5736, 4244
5541, 4245
6268, 4246
5664, 4247
5605, 4248
5735, 4249
5796, 4250
5476, 4251
5698, 4252
5530, 4253
5631, 4254
5582, 4255
5650, 4256
5548, 4257
5714, 4258
5661, 4259
5750, 4260
5589, 4261
5706, 4262
5702, 4263
5548, 4264
6521, 4265
5841, 4266
5743, 4267
5544, 4268
5792, 4269
5792, 4270
5552, 4271
5792, 4272
5725, 4273
5485, 4274
5566, 4275
5878, 4276
5555, 4277
5969, 4278
5552, 4279
5630, 4280
5477, 4281
6512, 4282
5785, 4283
5578, 4284
5724, 4285
5735, 4286
5841, 4287
5728, 4288
5968, 4289
5522, 4290
5822, 4291
6167, 4292
6212, 4293
5721, 4294
6622, 4295
5664, 4296
5541, 4297
5803, 4298
5612, 4299
5672, 4300
5800, 4301
5680, 4302
5657, 4303
5792, 4304
5694, 4305
5826, 4306
5675, 4307
5844, 4308
5672, 4309
5826, 4310
5660, 4311
5574, 4312
5529, 4313
5586, 4314
5473, 4315
5765, 4316
5713, 4317
6367, 4318
5675, 4319
5736, 4320
5646, 4321
5597, 4322
5852, 4323
5499, 4324
5585, 4325
5593, 4326
5796, 4327
5496, 4328
5627, 4329
5484, 4330
6363, 4331
5454, 4332
5792, 4333
5402, 4334
6471, 4335
5451, 4336
5476, 4337
7695, 4338
6821, 4339
5968, 4340
5551, 4341
5710, 4342
5503, 4343
5976, 4344
5514, 4345
5942, 4346
5522, 4347
5949, 4348
5698, 4349
5882, 4350
5668, 4351
5717, 4352
5679, 4353
5964, 4354
5522, 4355
5867, 4356
5736, 4357
5638, 4358
5518, 4359
5600, 4360
5683, 4361
5488, 4362
5834, 4363
5488, 4364
5825, 4365
5466, 4366
5889, 4367
5630, 4368
5777, 4369
5514, 4370
6536, 4371
5522, 4372
5533, 4373
5488, 4374
5803, 4375
5725, 4376
5555, 4377
5852, 4378
5466, 4379
5863, 4380
5672, 4381
5582, 4382
5507, 4383
6521, 4384
5740, 4385
5540, 4386
5462, 4387
6412, 4388
5710, 4389
5473, 4390
5472, 4391
5668, 4392
5661, 4393
5690, 4394
5612, 4395
5695, 4396
5668, 4397
5631, 4398
5998, 4399
5724, 4400
5616, 4401
5656, 4402
5840, 4403
5657, 4404
5815, 4405
5755, 4406
5991, 4407
5664, 4408
5687, 4409
5503, 4410
5788, 4411
5680, 4412
5503, 4413
5908, 4414
5514, 4415
9670, 4416
5623, 4417
5893, 4418
5495, 4419
6062, 4420
5739, 4421
5608, 4422
5451, 4423
6419, 4424
5725, 4425
5488, 4426
5646, 4427
5631, 4428
5586, 4429
5515, 4430
5789, 4431
5714, 4432
5668, 4433
5672, 4434
5728, 4435
5428, 4436
6393, 4437
5690, 4438
5796, 4439
5695, 4440
6464, 4441
5848, 4442
5578, 4443
5694, 4444
5394, 4445
5695, 4446
5653, 4447
5728, 4448
5447, 4449
5822, 4450
5503, 4451
5762, 4452
5691, 4453
5709, 4454
5690, 4455
5567, 4456
5716, 4457
5589, 4458
5676, 4459
6464, 4460
5473, 4461
5552, 4462
5762, 4463
5503, 4464
5698, 4465
5698, 4466
5679, 4467
5664, 4468
5755, 4469
5627, 4470
5698, 4471
5694, 4472
6145, 4473
5676, 4474
5571, 4475
5709, 4476
6610, 4477
5710, 4478
5699, 4479
5694, 4480
5477, 4481
5713, 4482
5540, 4483
5785, 4484
5612, 4485
5795, 4486
5777, 4487
5792, 4488
5626, 4489
6498, 4490
5653, 4491
5766, 4492
5886, 4493
6025, 4494
6427, 4495
6044, 4496
5762, 4497
5755, 4498
5706, 4499
5725, 4500
5841, 4501
5672, 4502
5668, 4503
5559, 4504
5710, 4505
5630, 4506
5995, 4507
5770, 4508
5811, 4509
5792, 4510
5616, 4511
5691, 4512
6731, 4513
5950, 4514
5855, 4515
6224, 4516
5987, 4517
5803, 4518
6123, 4519
5871, 4520
5597, 4521
5653, 4522
5615, 4523
5755, 4524
5818, 4525
6085, 4526
5706, 4527
5859, 4528
5631, 4529
6441, 4530
5736, 4531
5739, 4532
5687, 4533
5695, 4534
5642, 4535
5638, 4536
5687, 4537
5623, 4538
5653, 4539
5740, 4540
5953, 4541
5503, 4542
6239, 4543
8815, 4544
5818, 4545
5503, 4546
5574, 4547
5732, 4548
5777, 4549
5717, 4550
5593, 4551
5639, 4552
5669, 4553
5668, 4554
5387, 4555
5699, 4556
5473, 4557
5713, 4558
5507, 4559
5683, 4560
5458, 4561
5713, 4562
5466, 4563
5814, 4564
5495, 4565
6629, 4566
5522, 4567
5705, 4568
5518, 4569
5837, 4570
5650, 4571
5724, 4572
6235, 4573
5912, 4574
5698, 4575
5758, 4576
5680, 4577
5657, 4578
6599, 4579
5717, 4580
5687, 4581
5732, 4582
6366, 4583
5807, 4584
5710, 4585
5645, 4586
5769, 4587
5480, 4588
5687, 4589
5650, 4590
5646, 4591
5679, 4592
5627, 4593
5875, 4594
5634, 4595
5676, 4596
5773, 4597
5638, 4598
5705, 4599
5529, 4600
5713, 4601
6145, 4602
5597, 4603
5428, 4604
9265, 4605
5619, 4606
5679, 4607
5589, 4608
5691, 4609
5845, 4610
5630, 4611
5638, 4612
5548, 4613
5417, 4614
5822, 4615
5491, 4616
5706, 4617
5687, 4618
6318, 4619
5672, 4620
5755, 4621
5507, 4622
5676, 4623
5440, 4624
5597, 4625
5672, 4626
5721, 4627
5698, 4628
5495, 4629
5755, 4630
5706, 4631
6367, 4632
5796, 4633
5773, 4634
5657, 4635
6291, 4636
5496, 4637
5807, 4638
5394, 4639
5720, 4640
5653, 4641
5788, 4642
5545, 4643
5654, 4644
5661, 4645
5770, 4646
5713, 4647
5668, 4648
5646, 4649
5679, 4650
5721, 4651
5687, 4652
5529, 4653
5451, 4654
6521, 4655
5683, 4656
5627, 4657
5506, 4658
5495, 4659
5701, 4660
5533, 4661
5461, 4662
5713, 4663
5859, 4664
5837, 4665
5754, 4666
5477, 4667
6036, 4668
5488, 4669
5540, 4670
5424, 4671
6461, 4672
5458, 4673
5710, 4674
5488, 4675
5804, 4676
5694, 4677
6190, 4678
5653, 4679
5555, 4680
5792, 4681
5766, 4682
5683, 4683
5593, 4684
6179, 4685
5683, 4686
5679, 4687
5623, 4688
5890, 4689
5792, 4690
5781, 4691
5694, 4692
5642, 4693
5563, 4694
5570, 4695
5826, 4696
5904, 4697
5680, 4698
5533, 4699
5540, 4700
5533, 4701
5672, 4702
5548, 4703
5758, 4704
5529, 4705
5834, 4706
5687, 4707
6430, 4708
5420, 4709
5780, 4710
5514, 4711
5856, 4712
5533, 4713
5544, 4714
5792, 4715
5698, 4716
9584, 4717
5608, 4718
121167, 4719
5897, 4720
6479, 4721
5991, 4722
6047, 4723
6130, 4724
6659, 4725
5994, 4726
32703, 4727
5758, 4728
5597, 4729
6870, 4730
5732, 4731
5657, 4732
5781, 4733
5653, 4734
5747, 4735
5612, 4736
5754, 4737
5473, 4738
5758, 4739
5563, 4740
5735, 4741
5897, 4742
5619, 4743
6212, 4744
5537, 4745
5758, 4746
5631, 4747
5863, 4748
5961, 4749
5709, 4750
5639, 4751
5773, 4752
5488, 4753
5638, 4754
5623, 4755
5529, 4756
10324, 4757
5725, 4758
5548, 4759
5559, 4760
6490, 4761
5773, 4762
5709, 4763
5713, 4764
5755, 4765
5533, 4766
5481, 4767
5732, 4768
5650, 4769
5653, 4770
5785, 4771
5570, 4772
5754, 4773
6280, 4774
5751, 4775
5650, 4776
5710, 4777
6686, 4778
5590, 4779
5541, 4780
5705, 4781
5740, 4782
5469, 4783
5841, 4784
5477, 4785
5837, 4786
5548, 4787
5800, 4788
5619, 4789
5946, 4790
5484, 4791
5882, 4792
5484, 4793
5731, 4794
5675, 4795
5511, 4796
6506, 4797
5747, 4798
5664, 4799
5702, 4800
5695, 4801
5361, 4802
5844, 4803
5541, 4804
5795, 4805
5548, 4806
5769, 4807
8776, 4808
5646, 4809
5635, 4810
5751, 4811
5845, 4812
5672, 4813
5754, 4814
5480, 4815
6418, 4816
5507, 4817
5574, 4818
5721, 4819
5672, 4820
5713, 4821
5676, 4822
5507, 4823
5875, 4824
5510, 4825
5646, 4826
5705, 4827
5544, 4828
6235, 4829
5758, 4830
5691, 4831
5702, 4832
6336, 4833
5635, 4834
5668, 4835
5473, 4836
5796, 4837
5729, 4838
5702, 4839
5446, 4840
5815, 4841
5796, 4842
5758, 4843
5732, 4844
5631, 4845
5683, 4846
5589, 4847
5751, 4848
5506, 4849
5631, 4850
5499, 4851
6257, 4852
5353, 4853
5702, 4854
5507, 4855
5968, 4856
5687, 4857
5747, 4858
5698, 4859
5740, 4860
5469, 4861
5675, 4862
5818, 4863
5890, 4864
5841, 4865
5728, 4866
5815, 4867
5540, 4868
6445, 4869
5514, 4870
5619, 4871
5683, 4872
5679, 4873
5511, 4874
5585, 4875
5481, 4876
5957, 4877
5514, 4878
5818, 4879
8934, 4880
5792, 4881
6358, 4882
5717, 4883
5826, 4884
5807, 4885
6276, 4886
6366, 4887
5840, 4888
5446, 4889
5721, 4890
5443, 4891
5759, 4892
5465, 4893
5675, 4894
5536, 4895
5732, 4896
5451, 4897
5732, 4898
5713, 4899
5687, 4900
5529, 4901
5739, 4902
5680, 4903
5559, 4904
6377, 4905
5668, 4906
5495, 4907
5503, 4908
5687, 4909
5594, 4910
5792, 4911
5773, 4912
5522, 4913
5698, 4914
5567, 4915
5675, 4916
5795, 4917
6138, 4918
5627, 4919
5443, 4920
5503, 4921
6487, 4922
5668, 4923
5672, 4924
5578, 4925
5428, 4926
5495, 4927
5740, 4928
5536, 4929
5739, 4930
5804, 4931
5844, 4932
5732, 4933
5683, 4934
6021, 4935
5514, 4936
5679, 4937
5747, 4938
5503, 4939
5484, 4940
9411, 4941
5755, 4942
5447, 4943
5721, 4944
5702, 4945
5469, 4946
5725, 4947
5755, 4948
5604, 4949
5544, 4950
5853, 4951
5458, 4952
5683, 4953
5405, 4954
5822, 4955
5717, 4956
5818, 4957
6292, 4958
5799, 4959
5702, 4960
5458, 4961
5799, 4962
5488, 4963
5702, 4964
6446, 4965
5746, 4966
5717, 4967
5781, 4968
5713, 4969
5586, 4970
6254, 4971
5533, 4972
5679, 4973
6059, 4974
6644, 4975
5780, 4976
5679, 4977
5709, 4978
5649, 4979
5477, 4980
5728, 4981
5657, 4982
5657, 4983
5623, 4984
5574, 4985
5838, 4986
5777, 4987
67173, 4988
5739, 4989
5811, 4990
5705, 4991
5514, 4992
5900, 4993
6055, 4994
5439, 4995
5698, 4996
5424, 4997
5619, 4998
5417, 4999
